LECROYWR104MXi-A€¿;49371;Waveform
Segments;1;SegmentSize;502
Ampl
0.00319128
-8.60127e-006
0.00319128
0.00639115
0.00959103
0.0127909
0.00319128
0.00639115
0.00639115
-8.60127e-006
0.00639115
0.0127909
0.00319128
0.0127909
0.00959103
0.0127909
0.0191907
0.0223905
0.0159908
0.0255904
0.0191907
0.0223905
0.0127909
0.00959103
-0.00320848
-0.00640836
-0.00640836
0.00639115
0.0191907
0.0191907
0.0255904
0.0287903
0.0191907
0.0159908
0.0159908
0.0223905
0.0191907
0.0287903
0.0287903
0.0255904
0.0255904
0.0255904
0.0159908
0.0159908
0.00959103
0.00639115
0.00319128
0.00959103
0.0191907
0.0223905
0.0223905
0.0319902
0.0255904
0.0223905
0.0191907
0.0191907
0.0127909
0.00959103
0.00639115
-8.60127e-006
-8.60127e-006
-0.0128081
-0.00640836
-0.00320848
0.00639115
0.00959103
0.0127909
0.0159908
0.0191907
0.0255904
0.0319902
0.0415898
0.0383899
0.0383899
0.0479896
0.03519
0.03519
0.03519
0.0191907
0.00639115
-8.60127e-006
-0.0192079
-0.0320074
-0.0736058
-0.118404
-0.179202
-0.224
-0.268798
-0.287998
-0.284798
-0.252799
-0.208001
-0.131204
-0.0608063
-0.00640836
0.0287903
0.0447897
0.0543893
0.0511894
0.0415898
0.0415898
0.0415898
0.0447897
0.0383899
0.0447897
0.0287903
0.0319902
0.0255904
0.00639115
-8.60127e-006
-0.00320848
-0.016008
-0.00960823
-0.0192079
-0.0128081
-0.00960823
-0.00960823
-0.016008
-0.00960823
-0.00320848
-0.00640836
0.00639115
0.0127909
0.0127909
0.00639115
-0.00960823
-0.0128081
-0.0224077
-0.0192079
-0.0192079
-0.0224077
-0.0192079
-0.0192079
-0.0192079
-0.0128081
-0.00960823
-0.00960823
-0.0128081
-0.0192079
-0.0224077
-0.0224077
-0.0192079
-0.00960823
-0.00640836
-8.60127e-006
0.00319128
0.00319128
0.00959103
0.0127909
0.0127909
0.00639115
0.0127909
0.0127909
0.00959103
0.0191907
0.0159908
0.0127909
0.00639115
0.00639115
0.00959103
0.0191907
0.0127909
0.0159908
0.0127909
0.00959103
0.00639115
0.00959103
0.00959103
0.0127909
0.0223905
0.0223905
0.0223905
0.0255904
0.0287903
0.0255904
0.0255904
0.0159908
0.0223905
0.0223905
0.0127909
0.00639115
0.0127909
0.00959103
0.00959103
0.0159908
0.00959103
0.00639115
0.0159908
0.0159908
0.0255904
0.0319902
0.0319902
0.0287903
0.0319902
0.0319902
0.0255904
0.0223905
0.0255904
0.0159908
0.0191907
0.0191907
0.0223905
0.0287903
0.0319902
0.0255904
0.0223905
0.0159908
0.0127909
0.0159908
0.00959103
-0.00640836
-0.00640836
-0.016008
-0.0128081
-0.00320848
0.00959103
0.0287903
0.0383899
0.0415898
0.0383899
0.0383899
0.03519
0.0287903
0.0223905
0.0287903
0.0255904
0.0255904
0.0191907
0.00959103
0.0159908
0.0159908
0.0159908
0.0127909
0.0191907
0.0223905
0.0159908
0.0159908
0.0191907
0.0191907
0.0191907
0.00959103
0.0223905
0.0191907
0.0191907
0.0287903
0.0287903
0.0255904
0.0255904
0.0255904
0.03519
0.0415898
0.0383899
0.0287903
0.0287903
0.0223905
0.0287903
0.03519
0.0319902
0.0255904
0.0255904
0.0223905
0.0255904
0.0287903
0.0287903
0.0159908
0.0191907
0.0223905
0.0223905
0.0255904
0.0223905
0.0191907
0.0191907
0.0223905
0.0255904
0.0287903
0.0159908
0.00639115
0.00959103
0.0127909
0.0159908
0.0255904
0.0319902
0.0319902
0.0287903
0.0223905
0.0319902
0.0255904
0.0223905
0.0255904
0.0255904
0.0127909
0.0191907
0.0223905
0.0255904
0.0159908
0.0255904
0.0223905
0.0255904
0.0255904
0.0191907
0.00959103
0.0255904
0.0223905
0.0319902
0.0415898
0.0287903
0.0159908
0.0223905
0.0159908
0.0159908
0.0159908
0.00959103
0.00319128
-8.60127e-006
0.00639115
0.0159908
0.0191907
0.0127909
0.0159908
0.0159908
0.00319128
0.00959103
0.0191907
0.0255904
0.0223905
0.0255904
0.0255904
0.0255904
0.03519
0.0255904
0.0127909
0.0159908
0.0127909
0.0159908
0.0191907
0.0191907
0.00959103
0.00959103
0.0127909
0.0127909
0.0191907
0.0159908
0.00639115
-0.00640836
-0.00640836
-0.00320848
0.00959103
0.0191907
0.0127909
0.0127909
0.0159908
0.0191907
0.0255904
0.0287903
0.0223905
0.0223905
0.00639115
0.00959103
0.00639115
-0.00640836
-0.00320848
-8.60127e-006
0.0191907
0.0223905
0.0255904
0.0159908
0.0127909
-8.60127e-006
-8.60127e-006
0.00959103
0.0159908
0.00959103
0.00639115
0.00319128
0.00959103
0.0127909
0.0159908
0.0223905
0.0191907
0.0191907
0.0159908
0.0191907
0.0223905
0.0223905
0.00959103
0.0159908
0.00959103
0.00959103
0.00959103
-0.00320848
-0.00320848
-0.00320848
0.00319128
0.0159908
0.0255904
0.0319902
0.0287903
0.0319902
0.0191907
0.0159908
0.00639115
-0.00320848
0.00319128
0.0159908
0.0223905
0.0255904
0.0159908
0.00959103
-8.60127e-006
-0.00960823
-0.00320848
-8.60127e-006
0.0127909
0.0159908
0.0223905
0.0287903
0.0287903
0.0223905
0.0159908
0.0159908
0.00639115
0.00319128
0.00959103
0.0127909
0.0223905
0.0255904
0.0255904
0.0159908
0.00959103
0.00319128
0.00319128
-8.60127e-006
-8.60127e-006
0.00959103
-8.60127e-006
0.00959103
0.0127909
0.0127909
0.00959103
0.0127909
0.0127909
0.0159908
0.0319902
0.03519
0.0255904
0.0191907
0.00319128
-0.00640836
-8.60127e-006
-0.00320848
-0.00320848
-8.60127e-006
0.00959103
0.0159908
0.0223905
0.0159908
0.00319128
-8.60127e-006
0.00319128
-0.00320848
0.00319128
0.00319128
-8.60127e-006
-0.00960823
-0.00320848
-0.00960823
-0.00960823
-0.0128081
-0.00320848
0.00319128
0.00639115
0.00959103
0.0127909
0.00959103
0.00319128
0.00639115
0.00319128
0.00959103
0.0159908
0.0191907
0.0191907
0.0191907
0.0159908
0.0159908
0.0127909
-8.60127e-006
0.00639115
0.00319128
0.00319128
-8.60127e-006
-0.00320848
-0.016008
-0.0192079
-0.0192079
-0.0224077
-0.016008
0.00319128
0.00959103
0.00959103
0.00639115
0.00639115
0.00959103
