LECROYWR104MXi-A€¿;49371;Waveform
Segments;1;SegmentSize;502
Segment;TrigTime;TimeSinceSegment1
#1;01-Jan-2002 00:47:56;0                 
Time;Ampl
-8.40218e-009;0.00319128
-8.30218e-009;0.00959103
-8.20218e-009;0.00319128
-8.10218e-009;0.00319128
-8.00218e-009;-8.60127e-006
-7.90218e-009;0.00319128
-7.80218e-009;-0.00320848
-7.70218e-009;-0.00320848
-7.60218e-009;-8.60127e-006
-7.50218e-009;0.00959103
-7.40218e-009;0.00639115
-7.30218e-009;-8.60127e-006
-7.20218e-009;-0.0128081
-7.10218e-009;-0.0224077
-7.00218e-009;-0.0256076
-6.90218e-009;-0.0224077
-6.80218e-009;-0.0256076
-6.70218e-009;-0.0256076
-6.60218e-009;-0.016008
-6.50218e-009;-0.016008
-6.40218e-009;-0.00960823
-6.30218e-009;-0.0128081
-6.20218e-009;-0.00960823
-6.10218e-009;-0.00640836
-6.00218e-009;0.00319128
-5.90218e-009;0.00319128
-5.80218e-009;-0.00640836
-5.70218e-009;-0.016008
-5.60218e-009;-0.016008
-5.50218e-009;-0.0192079
-5.40218e-009;-0.0128081
-5.30218e-009;-0.0128081
-5.20218e-009;-0.00960823
-5.10218e-009;-0.0128081
-5.00218e-009;-0.00960823
-4.90218e-009;-0.016008
-4.80218e-009;-0.00640836
-4.70218e-009;-0.00640836
-4.60218e-009;0.00319128
-4.50218e-009;0.00319128
-4.40218e-009;0.0127909
-4.30218e-009;0.0255904
-4.20218e-009;0.0319902
-4.10218e-009;0.03519
-4.00218e-009;0.0127909
-3.90218e-009;0.00319128
-3.80218e-009;-0.00640836
-3.70218e-009;-0.00960823
-3.60218e-009;-8.60127e-006
-3.50218e-009;0.00319128
-3.40218e-009;-0.00320848
-3.30218e-009;-0.00960823
-3.20218e-009;-0.0192079
-3.10218e-009;-0.0192079
-3.00218e-009;-0.0224077
-2.90218e-009;-0.0320074
-2.80218e-009;-0.0352072
-2.70218e-009;-0.041607
-2.60218e-009;-0.0224077
-2.50218e-009;-0.0192079
-2.40218e-009;-0.00640836
-2.30218e-009;-0.00640836
-2.20218e-009;-0.00320848
-2.10218e-009;-0.016008
-2.00218e-009;-0.016008
-1.90218e-009;-0.0192079
-1.80218e-009;-0.016008
-1.70218e-009;-0.0224077
-1.60218e-009;-0.0192079
-1.50218e-009;-0.0192079
-1.40218e-009;-0.0256076
-1.30218e-009;-0.0224077
-1.20218e-009;-0.00960823
-1.10218e-009;-0.0128081
-1.00218e-009;-0.00640836
-9.02185e-010;-8.60127e-006
-8.02185e-010;0.00959103
-7.02185e-010;0.00639115
-6.02185e-010;-8.60127e-006
-5.02185e-010;-0.016008
-4.02185e-010;-0.0224077
-3.02185e-010;-0.041607
-2.02185e-010;-0.0480068
-1.02185e-010;-0.0736058
-2.18453e-012;-0.108804
9.78155e-011;-0.176002
1.97815e-010;-0.249599
2.97815e-010;-0.326396
3.97815e-010;-0.383994
4.97815e-010;-0.435192
5.97815e-010;-0.435192
6.97815e-010;-0.412793
7.97815e-010;-0.345595
8.97815e-010;-0.268798
9.97815e-010;-0.179202
1.09782e-009;-0.0992048
1.19782e-009;-0.041607
1.29782e-009;-0.00640836
1.39782e-009;0.0159908
1.49782e-009;0.03519
1.59782e-009;0.0479896
1.69782e-009;0.0543893
1.79782e-009;0.0511894
1.89782e-009;0.0543893
1.99782e-009;0.0447897
2.09782e-009;0.03519
2.19782e-009;0.0255904
2.29782e-009;0.0159908
2.39782e-009;0.0127909
2.49782e-009;0.00639115
2.59782e-009;-0.00960823
2.69782e-009;-0.0128081
2.79782e-009;-0.0192079
2.89782e-009;-0.0288075
2.99782e-009;-0.0320074
3.09782e-009;-0.0352072
3.19782e-009;-0.0320074
3.29782e-009;-0.0288075
3.39782e-009;-0.0224077
3.49782e-009;-0.0224077
3.59782e-009;-0.0352072
3.69782e-009;-0.0384071
3.79782e-009;-0.0480068
3.89782e-009;-0.0384071
3.99782e-009;-0.0384071
4.09782e-009;-0.041607
4.19782e-009;-0.041607
4.29782e-009;-0.0448069
4.39782e-009;-0.0448069
4.49782e-009;-0.0544065
4.59782e-009;-0.0544065
4.69782e-009;-0.0576064
4.79782e-009;-0.0512066
4.89782e-009;-0.0576064
4.99782e-009;-0.0352072
5.09782e-009;-0.0256076
5.19782e-009;-0.0256076
5.29782e-009;-0.0224077
5.39782e-009;-0.0224077
5.49782e-009;-0.016008
5.59782e-009;-0.00640836
5.69782e-009;-0.00320848
5.79782e-009;-0.0128081
5.89782e-009;-0.016008
5.99782e-009;-0.016008
6.09782e-009;-0.00960823
6.19782e-009;-0.00640836
6.29782e-009;-0.00640836
6.39782e-009;-0.0128081
6.49782e-009;-0.0192079
6.59782e-009;-0.0224077
6.69782e-009;-0.0352072
6.79782e-009;-0.0352072
6.89782e-009;-0.0352072
6.99782e-009;-0.0256076
7.09782e-009;-0.0256076
7.19782e-009;-0.016008
7.29782e-009;-0.00960823
7.39782e-009;-0.00320848
7.49782e-009;0.0127909
7.59782e-009;0.0127909
7.69782e-009;0.0223905
7.79782e-009;0.0287903
7.89782e-009;0.0319902
7.99782e-009;0.0319902
8.09782e-009;0.0223905
8.19782e-009;0.0191907
8.29782e-009;0.0159908
8.39782e-009;0.0159908
8.49782e-009;0.0191907
8.59782e-009;0.0191907
8.69782e-009;0.0223905
8.79782e-009;0.0223905
8.89782e-009;0.0319902
8.99782e-009;0.0287903
9.09782e-009;0.0255904
9.19782e-009;0.0159908
9.29782e-009;0.0127909
9.39782e-009;0.00959103
9.49782e-009;0.00319128
9.59782e-009;0.00319128
9.69782e-009;0.00959103
9.79782e-009;0.0159908
9.89782e-009;0.0191907
9.99782e-009;0.0127909
1.00978e-008;0.0159908
1.01978e-008;0.0159908
1.02978e-008;0.0191907
1.03978e-008;0.0127909
1.04978e-008;0.0223905
1.05978e-008;0.0191907
1.06978e-008;0.0191907
1.07978e-008;0.0255904
1.08978e-008;0.0287903
1.09978e-008;0.0223905
1.10978e-008;0.0223905
1.11978e-008;0.0191907
1.12978e-008;0.0255904
1.13978e-008;0.0223905
1.14978e-008;0.0255904
1.15978e-008;0.0287903
1.16978e-008;0.0383899
1.17978e-008;0.0479896
1.18978e-008;0.0479896
1.19978e-008;0.0479896
1.20978e-008;0.0383899
1.21978e-008;0.0319902
1.22978e-008;0.0415898
1.23978e-008;0.0383899
1.24978e-008;0.0415898
1.25978e-008;0.0447897
1.26978e-008;0.0479896
1.27978e-008;0.0543893
1.28978e-008;0.0543893
1.29978e-008;0.0447897
1.30978e-008;0.03519
1.31978e-008;0.0447897
1.32978e-008;0.0479896
1.33978e-008;0.0447897
1.34978e-008;0.0287903
1.35978e-008;0.0287903
1.36978e-008;0.0319902
1.37978e-008;0.0255904
1.38978e-008;0.0255904
1.39978e-008;0.0223905
1.40978e-008;0.0255904
1.41978e-008;0.0287903
1.42978e-008;0.0383899
1.43978e-008;0.0543893
1.44978e-008;0.0607891
1.45978e-008;0.0639889
1.46978e-008;0.0575892
1.47978e-008;0.0543893
1.48978e-008;0.0543893
1.49978e-008;0.0511894
1.50978e-008;0.0543893
1.51978e-008;0.0511894
1.52978e-008;0.0447897
1.53978e-008;0.0415898
1.54978e-008;0.0319902
1.55978e-008;0.0287903
1.56978e-008;0.0223905
1.57978e-008;0.0127909
1.58978e-008;0.0191907
1.59978e-008;0.0191907
1.60978e-008;0.0255904
1.61978e-008;0.0319902
1.62978e-008;0.03519
1.63978e-008;0.03519
1.64978e-008;0.0319902
1.65978e-008;0.0383899
1.66978e-008;0.0415898
1.67978e-008;0.0479896
1.68978e-008;0.0447897
1.69978e-008;0.0383899
1.70978e-008;0.0415898
1.71978e-008;0.0447897
1.72978e-008;0.0383899
1.73978e-008;0.03519
1.74978e-008;0.0287903
1.75978e-008;0.0127909
1.76978e-008;0.0159908
1.77978e-008;0.0191907
1.78978e-008;0.0255904
1.79978e-008;0.0479896
1.80978e-008;0.0607891
1.81978e-008;0.0607891
1.82978e-008;0.0543893
1.83978e-008;0.0607891
1.84978e-008;0.0607891
1.85978e-008;0.0543893
1.86978e-008;0.0543893
1.87978e-008;0.0575892
1.88978e-008;0.0479896
1.89978e-008;0.0511894
1.90978e-008;0.0511894
1.91978e-008;0.0575892
1.92978e-008;0.0543893
1.93978e-008;0.0511894
1.94978e-008;0.0383899
1.95978e-008;0.0319902
1.96978e-008;0.0287903
1.97978e-008;0.0191907
1.98978e-008;0.00959103
1.99978e-008;0.0127909
2.00978e-008;0.0159908
2.01978e-008;0.0127909
2.02978e-008;0.00959103
2.03978e-008;0.0159908
2.04978e-008;0.0223905
2.05978e-008;0.0255904
2.06978e-008;0.0287903
2.07978e-008;0.0255904
2.08978e-008;0.0319902
2.09978e-008;0.0319902
2.10978e-008;0.0383899
2.11978e-008;0.03519
2.12978e-008;0.0383899
2.13978e-008;0.0415898
2.14978e-008;0.0415898
2.15978e-008;0.0383899
2.16978e-008;0.0415898
2.17978e-008;0.0447897
2.18978e-008;0.0415898
2.19978e-008;0.0479896
2.20978e-008;0.0479896
2.21978e-008;0.03519
2.22978e-008;0.0287903
2.23978e-008;0.0287903
2.24978e-008;0.0319902
2.25978e-008;0.0415898
2.26978e-008;0.0415898
2.27978e-008;0.0479896
2.28978e-008;0.0511894
2.29978e-008;0.0543893
2.30978e-008;0.0415898
2.31978e-008;0.0319902
2.32978e-008;0.0223905
2.33978e-008;0.0159908
2.34978e-008;0.0191907
2.35978e-008;0.0223905
2.36978e-008;0.0287903
2.37978e-008;0.0223905
2.38978e-008;0.0287903
2.39978e-008;0.0319902
2.40978e-008;0.0383899
2.41978e-008;0.03519
2.42978e-008;0.0383899
2.43978e-008;0.0383899
2.44978e-008;0.0447897
2.45978e-008;0.0447897
2.46978e-008;0.0543893
2.47978e-008;0.0511894
2.48978e-008;0.0383899
2.49978e-008;0.0415898
2.50978e-008;0.0447897
2.51978e-008;0.0479896
2.52978e-008;0.0447897
2.53978e-008;0.03519
2.54978e-008;0.0319902
2.55978e-008;0.0287903
2.56978e-008;0.0255904
2.57978e-008;0.0255904
2.58978e-008;0.0191907
2.59978e-008;0.0191907
2.60978e-008;0.0191907
2.61978e-008;0.0159908
2.62978e-008;0.0159908
2.63978e-008;0.0127909
2.64978e-008;0.0159908
2.65978e-008;0.0159908
2.66978e-008;0.0191907
2.67978e-008;0.0191907
2.68978e-008;0.0287903
2.69978e-008;0.0415898
2.70978e-008;0.0447897
2.71978e-008;0.03519
2.72978e-008;0.0383899
2.73978e-008;0.0383899
2.74978e-008;0.0287903
2.75978e-008;0.0255904
2.76978e-008;0.0255904
2.77978e-008;0.0223905
2.78978e-008;0.0287903
2.79978e-008;0.0287903
2.80978e-008;0.0255904
2.81978e-008;0.0223905
2.82978e-008;0.0223905
2.83978e-008;0.0223905
2.84978e-008;0.0191907
2.85978e-008;0.0191907
2.86978e-008;0.0191907
2.87978e-008;0.0191907
2.88978e-008;0.0159908
2.89978e-008;0.0127909
2.90978e-008;0.0223905
2.91978e-008;0.0159908
2.92978e-008;0.0255904
2.93978e-008;0.0255904
2.94978e-008;0.0223905
2.95978e-008;0.00959103
2.96978e-008;0.0191907
2.97978e-008;0.0191907
2.98978e-008;0.0223905
2.99978e-008;0.0287903
3.00978e-008;0.0287903
3.01978e-008;0.0255904
3.02978e-008;0.0287903
3.03978e-008;0.0223905
3.04978e-008;0.0319902
3.05978e-008;0.0319902
3.06978e-008;0.0319902
3.07978e-008;0.03519
3.08978e-008;0.03519
3.09978e-008;0.03519
3.10978e-008;0.0319902
3.11978e-008;0.0223905
3.12978e-008;0.0127909
3.13978e-008;0.00319128
3.14978e-008;-8.60127e-006
3.15978e-008;0.00959103
3.16978e-008;0.00959103
3.17978e-008;0.0127909
3.18978e-008;0.0127909
3.19978e-008;0.00959103
3.20978e-008;-0.00320848
3.21978e-008;0.00639115
3.22978e-008;0.00319128
3.23978e-008;0.00639115
3.24978e-008;0.00959103
3.25978e-008;0.00639115
3.26978e-008;0.0191907
3.27978e-008;0.0191907
3.28978e-008;0.0223905
3.29978e-008;0.0287903
3.30978e-008;0.0319902
3.31978e-008;0.03519
3.32978e-008;0.0287903
3.33978e-008;0.0255904
3.34978e-008;0.0287903
3.35978e-008;0.0319902
3.36978e-008;0.0319902
3.37978e-008;0.0191907
3.38978e-008;0.0191907
3.39978e-008;0.0127909
3.40978e-008;0.00959103
3.41978e-008;0.00639115
3.42978e-008;-8.60127e-006
3.43978e-008;-0.00320848
3.44978e-008;-8.60127e-006
3.45978e-008;0.00959103
3.46978e-008;0.0127909
3.47978e-008;0.0255904
3.48978e-008;0.0255904
3.49978e-008;0.0223905
3.50978e-008;0.0191907
3.51978e-008;0.00959103
3.52978e-008;0.0159908
3.53978e-008;0.0191907
3.54978e-008;0.0191907
3.55978e-008;0.00959103
3.56978e-008;0.0159908
3.57978e-008;0.0127909
3.58978e-008;0.00639115
3.59978e-008;-8.60127e-006
3.60978e-008;-0.00320848
3.61978e-008;-8.60127e-006
3.62978e-008;-0.00640836
3.63978e-008;0.00319128
3.64978e-008;0.00639115
3.65978e-008;0.0159908
3.66978e-008;0.0223905
3.67978e-008;0.0255904
3.68978e-008;0.03519
3.69978e-008;0.0255904
3.70978e-008;0.0255904
3.71978e-008;0.0191907
3.72978e-008;0.0223905
3.73978e-008;0.0255904
3.74978e-008;0.0127909
3.75978e-008;0.0127909
3.76978e-008;0.00319128
3.77978e-008;-0.00640836
3.78978e-008;-0.0128081
3.79978e-008;-0.00640836
3.80978e-008;-0.0128081
3.81978e-008;-0.00960823
3.82978e-008;-0.00960823
3.83978e-008;-8.60127e-006
3.84978e-008;-0.00320848
3.85978e-008;0.00639115
3.86978e-008;0.0127909
3.87978e-008;0.0127909
3.88978e-008;0.0159908
3.89978e-008;0.0127909
3.90978e-008;0.0127909
3.91978e-008;0.00959103
3.92978e-008;0.0159908
3.93978e-008;0.00959103
3.94978e-008;0.00639115
3.95978e-008;0.0127909
3.96978e-008;0.00319128
3.97978e-008;-0.00640836
3.98978e-008;-0.016008
3.99978e-008;-0.00960823
4.00978e-008;-0.0128081
4.01978e-008;-0.00320848
4.02978e-008;-0.00640836
4.03978e-008;0.00319128
4.04978e-008;-0.00640836
4.05978e-008;-0.00640836
4.06978e-008;-0.00640836
4.07978e-008;0.00319128
4.08978e-008;0.00959103
4.09978e-008;0.00319128
4.10978e-008;-8.60127e-006
4.11978e-008;-8.60127e-006
4.12978e-008;0.00959103
4.13978e-008;0.00319128
4.14978e-008;0.00639115
4.15978e-008;-8.60127e-006
4.16978e-008;-0.00640836
